72747 INL Int.Falls Observations at 12Z 13 Mar 2017
-----------------------------------------------------------------------------
   PRES   HGHT   TEMP   DWPT   RELH   MIXR   DRCT   SKNT   THTA   THTE   THTV
    hPa     m      C      C      %    g/kg    deg   knot     K      K      K 
-----------------------------------------------------------------------------
 1000.0    286                                                               
  991.0    357  -19.5  -22.9     74   0.62      0      0  254.3  256.0  254.4
  989.0    372  -17.5  -20.7     76   0.75      5      1  256.5  258.6  256.6
  985.0    402  -15.7  -20.1     69   0.79     14      2  258.6  260.8  258.7
  978.0    456  -14.9  -21.9     55   0.68     31      4  259.9  261.9  260.0
  967.0    541  -13.9  -21.9     51   0.69     58      7  261.8  263.7  261.9
  958.2    610  -14.5  -22.5     51   0.66     80      9  261.9  263.8  261.9
  925.0    875  -16.7  -24.7     50   0.56     55     10  262.2  263.9  262.3
  920.2    914  -17.0  -24.8     51   0.56     50     11  262.3  263.9  262.4
  883.3   1219  -19.4  -25.6     58   0.54     35     13  262.9  264.5  263.0
  879.0   1256  -19.7  -25.7     59   0.54     32     13  263.0  264.6  263.1
  868.0   1349  -20.1  -28.1     49   0.44     24     12  263.5  264.8  263.6
  851.0   1495  -21.1  -29.1     49   0.41     11     11  263.9  265.2  264.0
  850.0   1504  -21.1  -29.1     49   0.41     10     11  264.0  265.3  264.1
  837.0   1618  -20.1  -42.1     12   0.11     14     12  266.2  266.6  266.3
  813.5   1829  -20.9  -35.3     26   0.23     20     14  267.6  268.4  267.7
  806.0   1897  -21.1  -33.1     33   0.29     20     14  268.1  269.0  268.1
  785.0   2092  -22.3  -35.3     30   0.24     20     15  268.8  269.6  268.9
  780.5   2134  -22.5  -34.4     33   0.27     20     15  269.0  269.9  269.1
  766.0   2271  -23.3  -31.3     48   0.37     20     15  269.6  270.8  269.7
  748.6   2438  -24.2  -32.8     45   0.33     20     15  270.4  271.4  270.5
  717.9   2743  -25.9  -35.6     40   0.26     10     16  271.9  272.7  271.9
  710.0   2824  -26.3  -36.3     38   0.24      8     17  272.2  273.0  272.3
  700.0   2926  -27.1  -37.1     38   0.23      5     18  272.4  273.2  272.5
  689.0   3040  -27.7  -36.7     42   0.24      2     18  273.0  273.8  273.1
  661.0   3337  -29.1  -42.1     27   0.14    354     20  274.7  275.2  274.7
  631.9   3658  -30.6  -44.4     25   0.12    345     21  276.6  276.9  276.6
  626.0   3725  -30.9  -44.9     24   0.11    344     21  276.9  277.3  277.0
  605.2   3962  -32.4  -46.4     24   0.10    340     22  277.9  278.2  277.9
  579.5   4267  -34.3  -48.3     23   0.08    335     26  279.1  279.4  279.1
  562.0   4482  -35.7  -49.7     22   0.07    328     31  279.9  280.2  280.0
  554.8   4572  -35.8  -51.0     19   0.06    325     33  280.8  281.1  280.9
  550.0   4632  -35.9  -51.9     18   0.06    325     34  281.4  281.6  281.4
  530.8   4877  -37.1  -55.3     13   0.04    325     36  282.9  283.0  282.9
  500.0   5290  -39.1  -61.1      8   0.02    330     45  285.3  285.4  285.3
  464.4   5791  -41.1  -62.3      8   0.02    325     55  288.9  289.0  288.9
  454.0   5945  -41.7  -62.7      8   0.02    320     53  290.0  290.1  290.0
  443.9   6096  -42.8  -60.0     13   0.03    315     51  290.5  290.6  290.5
  433.0   6264  -44.1  -57.1     22   0.04    316     52  290.9  291.1  290.9
  400.0   6790  -47.1  -59.1     24   0.03    320     55  293.7  293.8  293.7
  377.0   7180  -49.1  -61.1     23   0.03    315     55  296.1  296.2  296.1
  354.0   7591  -51.7  -60.7     33   0.03    310     54  297.9  298.1  297.9
  352.4   7620  -51.7  -61.6     30   0.03    315     54  298.3  298.4  298.3
  347.0   7721  -51.7  -64.7     20   0.02    315     53  299.6  299.7  299.6
  341.0   7834  -52.1  -63.1     25   0.02    315     52  300.6  300.7  300.6
  333.0   7988  -50.5  -64.5     17   0.02    315     51  304.8  304.9  304.8
  316.0   8330  -50.3  -73.3      5   0.01    315     48  309.7  309.7  309.7
  312.0   8413  -49.3  -74.3      4   0.01    315     47  312.2  312.3  312.2
  300.0   8670  -50.1  -76.1      3   0.00    315     45  314.6  314.6  314.6
  279.0   9144  -51.3  -76.0      4   0.00    315     47  319.4  319.4  319.4
  270.0   9359  -51.9  -75.9      4   0.00    315     46  321.6  321.6  321.6
  250.0   9860  -51.9  -78.9      3   0.00    315     45  328.8  328.8  328.8
  236.0  10232  -52.7  -81.7      2   0.00    315     44  333.0  333.0  333.0
  228.0  10454  -52.5  -85.5      1   0.00    315     43  336.6  336.6  336.6
  227.0  10483  -52.1                         315     43  337.7         337.7
  203.0  11204  -52.5                         315     41  348.0         348.0
  200.0  11300  -52.9                         315     41  348.8         348.8
  193.0  11529  -53.9                         316     40  350.8         350.8
  161.0  12688  -55.7                         319     36  366.4         366.4
  150.0  13140  -54.3                         320     35  376.3         376.3
  148.0  13226  -54.1                         321     35  378.1         378.1
  130.0  14054  -56.3                         333     34  388.4         388.4
  113.0  14948  -54.5                         346     33  407.7         407.7
  110.0  15120  -54.9                         348     33  410.1         410.1
  108.0  15240  -54.9                         350     33  412.3         412.3
  100.0  15730  -54.7                         355     26  421.8         421.8
   79.9  17162  -55.9                           4     28  447.2         447.2
   71.0  17919  -53.1                           9     29  468.5         468.5
   70.0  18010  -53.3                          10     29  470.0         470.0
   67.0  18288  -53.6                          10     31  475.2         475.2
   63.9  18593  -53.9                          30     23  480.9         480.9
   61.0  18898  -54.3                          45     23  486.8         486.8
   60.8  18915  -54.3                          45     23  487.1         487.1
   50.7  20090  -50.7                          35     12  521.5         521.5
   50.5  20117  -50.9                          35     12  521.7         521.7
   50.0  20180  -51.3                          35     12  522.1         522.1
   48.2  20422  -52.0                          30      4  526.1         526.1
   47.9  20458  -52.1                          29      5  526.7         526.7
   46.1  20707  -50.9                          23      9  535.4         535.4
   44.1  20994  -52.5                          16     13  538.3         538.3
   43.9  21031  -52.5                          15     14  539.3         539.3
   41.8  21336  -52.0                          50     10  547.7         547.7
   39.6  21691  -51.5                          52      7  557.6         557.6
   36.3  22252  -54.1                          55      3  564.9         564.9
   36.3  22250  -54.1                          55      3  564.9         564.9
   34.9  22505  -52.5                          34      6  575.5         575.5
   33.4  22788  -53.5                          11      9  580.1         580.1
   31.8  23105  -52.5                         345     12  591.0         591.0
   31.5  23165  -52.7                         340     13  592.1         592.1
   30.0  23480  -53.5                           5     20  598.2         598.2
   28.7  23774  -54.3                          35     23  603.9         603.9
   27.3  24079  -55.1                          60     11  609.9         609.9
   26.4  24299  -55.7                          85      8  614.2         614.2
   26.1  24384  -55.5                          95      7  617.1         617.1
   24.8  24689  -54.8                          65      4  627.7         627.7
   23.7  24994  -54.0                          55     15  638.4         638.4
   23.5  25045  -53.9                          51     14  640.2         640.2
   21.5  25603  -54.4                           5      4  655.0         655.0
   20.2  26016  -54.7                          48     10  666.1         666.1
   20.0  26080  -54.1                          55     11  669.8         669.8
   16.2  27432  -53.5                           5      5  713.2         713.2
   11.1  29870  -52.4                         220      9  798.7         798.7
   10.8  30047  -52.3                                     805.3         805.3