72747 INL Int.Falls Observations at 12Z 16 Jan 2011
-----------------------------------------------------------------------------
   PRES   HGHT   TEMP   DWPT   RELH   MIXR   DRCT   SKNT   THTA   THTE   THTV
    hPa     m      C      C      %    g/kg    deg   knot     K      K      K 
-----------------------------------------------------------------------------
 1000.0    225                                                               
  982.0    361  -29.9  -32.5     78   0.26      0      0  244.5  245.2  244.6
  980.0    375  -29.3  -31.9     78   0.27    354      0  245.3  246.0  245.3
  954.0    568  -23.5  -25.3     85   0.52    281      3  253.0  254.5  253.1
  948.5    610  -22.3  -24.5     82   0.56    265      3  254.7  256.2  254.8
  944.0    645  -21.3  -23.8     80   0.60    269      3  256.0  257.7  256.1
  925.0    794  -20.9  -24.8     71   0.56    285      4  257.9  259.5  258.0
  910.1    914  -20.2  -25.5     63   0.53    265      3  259.8  261.4  259.9
  903.0    972  -19.9  -25.9     59   0.52    267      4  260.7  262.2  260.8
  888.0   1096  -20.3  -27.3     54   0.46    271      5  261.6  262.9  261.6
  873.4   1219  -20.3  -27.7     52   0.45    275      6  262.8  264.2  262.9
  850.0   1420  -20.3  -28.3     49   0.44    295      5  264.9  266.2  264.9
  829.0   1605  -20.5  -28.5     49   0.44    290      5  266.6  267.9  266.6
  812.0   1759  -19.9  -27.9     49   0.48    287      6  268.8  270.2  268.9
  804.3   1829  -20.1  -28.1     49   0.47    285      6  269.3  270.7  269.4
  783.0   2028  -20.7  -28.7     49   0.46    275      7  270.7  272.1  270.8
  775.0   2104  -21.1  -29.1     49   0.45    271      8  271.1  272.5  271.2
  771.8   2134  -21.4  -28.3     54   0.49    270      8  271.1  272.6  271.2
  765.0   2199  -21.9  -26.5     66   0.58    275      8  271.2  273.0  271.3
  740.5   2438  -23.5  -26.6     76   0.59    295      9  272.1  273.9  272.1
  734.0   2503  -23.9  -26.6     78   0.60    296     10  272.3  274.1  272.4
  710.2   2743  -24.7  -27.6     77   0.56    300     12  273.9  275.7  274.0
  700.0   2848  -25.1  -28.0     77   0.55    305     14  274.7  276.4  274.8
  691.0   2942  -25.3  -28.1     77   0.55    307     15  275.5  277.2  275.6
  652.8   3353  -27.5  -30.8     74   0.45    315     20  277.4  278.9  277.5
  650.0   3384  -27.7  -31.0     73   0.45    315     20  277.6  279.0  277.7
  625.6   3658  -28.2  -32.5     67   0.40    310     24  280.1  281.4  280.2
  609.0   3851  -28.5  -33.5     62   0.37    310     28  281.9  283.1  282.0
  596.0   4005  -28.7  -33.2     65   0.39    310     31  283.4  284.7  283.5
  574.5   4267  -30.2  -34.4     66   0.36    310     36  284.7  285.9  284.7
  570.0   4323  -30.5  -34.7     67   0.35    310     36  284.9  286.1  285.0
  563.0   4411  -30.7  -35.0     66   0.35    311     36  285.7  286.9  285.8
  556.0   4500  -30.7  -39.7     41   0.22    312     37  286.7  287.5  286.8
  545.0   4642  -31.3  -45.3     24   0.12    313     37  287.6  288.1  287.7
  527.1   4877  -31.6  -48.5     17   0.09    315     38  290.0  290.3  290.0
  514.0   5056  -31.9  -50.9     13   0.07    315     40  291.8  292.0  291.8
  500.0   5250  -33.1  -51.1     15   0.07    315     42  292.6  292.9  292.6
  442.6   6096  -37.9  -55.9     13   0.04    310     50  296.9  297.1  296.9
  425.0   6377  -39.5  -57.5     13   0.04    315     55  298.4  298.5  298.4
  407.0   6672  -40.5  -57.5     14   0.04    319     59  300.8  300.9  300.8
  405.0   6706  -40.4  -57.4     14   0.04    320     60  301.3  301.4  301.3
  400.0   6790  -40.3  -57.3     14   0.04    320     60  302.5  302.7  302.5
  393.0   6911  -40.1  -57.1     15   0.04    320     59  304.3  304.5  304.3
  362.0   7469  -43.3  -59.3     15   0.04    320     54  307.3  307.4  307.3
  353.8   7620  -44.5  -60.2     16   0.03    320     53  307.7  307.9  307.7
  322.6   8230  -49.2  -64.0     16   0.02    320     50  309.4  309.5  309.4
  300.0   8710  -52.9  -66.9     17   0.02    320     54  310.7  310.8  310.7
  298.0   8753  -53.1  -67.1     17   0.02    320     54  311.0  311.1  311.0
  280.2   9144  -55.3  -68.9     17   0.01    320     53  313.4  313.4  313.4
  253.0   9795  -58.9  -71.9     17   0.01    325     60  317.3  317.3  317.3
  250.0   9870  -58.5  -71.5     17   0.01    325     61  319.0  319.0  319.0
  248.0   9920  -58.3  -71.3     17   0.01    324     62  320.0  320.1  320.0
  231.1  10363  -58.8  -71.8     17   0.01    320     66  325.8  325.9  325.8
  213.0  10875  -59.3  -72.3     17   0.01    320     62  332.7  332.7  332.7
  200.0  11270  -58.1  -71.1     17   0.01    320     59  340.6  340.7  340.6
  195.0  11429  -57.3  -70.3     18   0.01    320     59  344.4  344.4  344.4
  181.0  11898  -57.7  -70.7     18   0.02    320     57  351.1  351.2  351.1
  156.6  12802  -60.7  -72.8     19   0.01    320     55  360.9  360.9  360.9
  155.0  12867  -60.9  -72.9     19   0.01    320     55  361.6  361.6  361.6
  150.0  13070  -60.3  -72.3     19   0.01    320     57  366.0  366.1  366.0
  136.0  13681  -60.1  -72.1     19   0.02    317     57  376.7  376.8  376.7
  127.0  14107  -61.7  -73.7     19   0.01    315     57  381.3  381.4  381.3
  117.0  14616  -61.3  -73.3     19   0.02    313     58  391.1  391.2  391.1
  113.0  14832  -60.5  -72.5     19   0.02    312     58  396.5  396.6  396.5
  106.0  15229  -62.1  -74.1     19   0.02    310     58  400.8  400.8  400.8
  105.8  15240  -62.1  -74.1     19   0.02    310     58  401.0  401.1  401.0
  103.0  15407  -61.5  -73.5     19   0.02    310     64  405.2  405.3  405.2
  102.0  15467  -61.6  -73.6     19   0.02    310     66  406.2  406.3  406.2
  100.7  15545  -61.6  -73.7     19   0.02    310     66  407.5  407.6  407.5
  100.0  15590  -61.7  -73.7     19   0.02    310     65  408.2  408.4  408.2
   70.0  17780  -64.7  -76.7     18   0.02    315     65  445.6  445.7  445.6
   68.1  17948  -65.1  -77.1     18   0.02    315     68  448.3  448.4  448.3
   64.4  18288  -64.4  -76.4     18   0.02    315     73  457.0  457.1  457.0
   61.3  18593  -63.8  -75.8     18   0.02    320     73  464.9  465.0  464.9
   55.1  19244  -62.5  -74.5     18   0.03    310     68  482.2  482.4  482.2
   50.0  19840  -63.9  -75.9     18   0.03    300     63  492.5  492.7  492.5
   47.8  20117  -64.4  -76.3     18   0.03    300     64  497.9  498.0  497.9
   39.0  21336  -66.4  -77.9     18   0.02    305     72  522.2  522.4  522.2
   33.6  22250  -68.0  -79.2     19   0.02    300     67  541.2  541.3  541.2
   30.0  22930  -69.1  -80.1     19   0.02    300     84  555.7  555.9  555.7
   29.3  23071  -69.6  -80.6     19   0.02    300     86  558.0  558.2  558.0
   28.8  23165  -70.0  -81.0     19   0.02    300     86  559.5  559.7  559.6
   28.2  23298  -70.5  -81.5     18   0.02                561.7  561.9  561.7